<?xml version="1.0"?>
<opencv_storage>
<calibration_Time>"Thu 21 Dec 2017 11:32:27 PM MST"</calibration_Time>
<nrOfFrames>30</nrOfFrames>
<image_Width>1200</image_Width>
<image_Height>1200</image_Height>
<board_Width>5</board_Width>
<board_Height>8</board_Height>
<square_Size>50.</square_Size>
<FixAspectRatio>1.</FixAspectRatio>
<!-- flags:  +fix_aspectRatio +fix_principal_point +zero_tangent_dist -->
<flagValue>14</flagValue>
<Camera_Matrix type_id="opencv-matrix">
  <rows>3</rows>
  <cols>3</cols>
  <dt>d</dt>
  <data>
    7.3693113697100330e+02 0. 600. 0. 7.3693113697100330e+02 600. 0. 0.
    1.</data></Camera_Matrix>
<Distortion_Coefficients type_id="opencv-matrix">
  <rows>5</rows>
  <cols>1</cols>
  <dt>d</dt>
  <data>
    -3.8927861792654611e-01 2.2593784992370200e-01 0. 0.
    -7.9434389648138509e-02</data></Distortion_Coefficients>
<Avg_Reprojection_Error>4.2968188410488334e-01</Avg_Reprojection_Error>
<Per_View_Reprojection_Errors type_id="opencv-matrix">
  <rows>30</rows>
  <cols>1</cols>
  <dt>f</dt>
  <data>
    1.84904814e-01 1.91449314e-01 1.89403847e-01 1.93146154e-01
    2.15650901e-01 4.04575884e-01 2.05152676e-01 1.95666075e-01
    2.59223938e-01 3.77991259e-01 4.13042754e-01 3.29782903e-01
    2.32721433e-01 4.50186312e-01 7.66264081e-01 6.99328780e-01
    1.07233107e+00 9.45015788e-01 6.57587290e-01 2.10317746e-01
    2.23682255e-01 2.02902704e-01 2.40097269e-01 2.15949461e-01
    2.34861851e-01 1.91067979e-01 2.04679489e-01 3.07456076e-01
    4.13631409e-01 4.09220934e-01</data></Per_View_Reprojection_Errors>
<!-- a set of 6-tuples (rotation vector + translation vector) for each view -->
<Extrinsic_Parameters type_id="opencv-matrix">
  <rows>30</rows>
  <cols>6</cols>
  <dt>d</dt>
  <data>
    -2.0920081443352853e-01 -2.7094055175224376e-02
    -2.2914478923404598e-02 -5.9510909971385026e+01
    -1.1648577536119711e+02 9.7946746512947857e+02
    -1.9839102142741383e-01 2.4693099351970893e-01
    -1.7260805124832738e-02 1.7121166394979576e+02
    -1.2526360293162196e+02 9.1830912507569565e+02
    -1.9144483931057382e-01 2.7823389182349040e-01
    -1.7362735562858028e-02 1.9954915814713581e+02
    -1.3353431362239371e+02 9.1034829589553965e+02
    -1.7732539777707818e-01 9.0603431147642730e-03
    -4.0208172539087268e-02 -6.7198342415587234e+01
    -1.4307036016684094e+02 9.3552082410917046e+02
    -3.5816798986712151e-01 -1.8367957176804561e-02
    -3.9086000332940164e-02 -9.5479313364017941e+01
    4.2992701797671174e+01 9.4244852900507635e+02
    -5.6640239585575913e-01 -6.8765695819689278e-03
    -4.2674798587096066e-02 -8.5964387220312645e+01
    2.6537526718315320e+02 9.0945145883171358e+02
    -3.2121182759523587e-01 -3.0246314648368264e-03
    -2.3116949177409318e-02 -8.2899471333553194e+01
    2.3462001922195817e+01 9.4457333349978990e+02
    -1.0797140941327217e-01 -8.8505988601178462e-03
    -2.1320471560490196e-02 -8.7676717706198232e+01
    -1.8731453006109319e+02 9.2856306317281815e+02
    -2.1490705717350858e-01 5.1277772667530852e-01
    1.4657872884708236e-02 -5.3130715101791523e+01
    -5.4903999477324184e+01 8.3554940250142931e+02
    -1.6142173049186911e-01 7.7287100913190176e-01
    4.4900370300063309e-02 -7.0936741895253249e+01
    -8.4909880044130475e+01 8.3474703776243598e+02
    1.2877768759726200e-02 1.0588627691951336e+00 7.5539281211455311e-02
    -1.4106193180223164e+01 -1.9874047069881220e+02
    9.0071095087648212e+02 -1.8068183799654997e-01
    7.4127355604178657e-01 9.0927940497942603e-03
    -2.1075370046180851e+01 -4.3362664770778061e+01
    7.9568283002725718e+02 -1.8746101225565678e-01
    3.8369842721695663e-01 2.1980719223672618e-02
    -1.8392319450181379e+01 -6.6087818656811095e+01
    7.7254516875781894e+02 -2.3312494950599069e-01
    -3.4006542404332191e-01 -1.0071286564921215e-01
    6.4336156189326630e+01 -6.9262836260547985e+01
    6.5962408973422168e+02 -2.1186070523977013e-01
    -1.2114017131315300e+00 -1.5805703880154845e-01
    -2.0634209672743336e+02 -6.7814637555578486e+01
    5.2036658737990717e+02 -2.3945794432905845e-01
    -7.6469742553720210e-01 -1.0501076452271604e-01
    4.2407852754818485e+01 -6.1734133739870607e+01
    5.2761531669921249e+02 -1.7213433866028893e-01
    -1.0065991274006436e+00 -1.0399740261700913e-01
    -3.1619479914783842e+01 -7.7467156030248816e+01
    3.6385758974663042e+02 -2.1711050979454699e-01
    -8.1762321596118237e-01 -1.2964217206177500e-01
    -4.9421326937196213e+01 -7.5734737566351441e+01
    4.0185078063050742e+02 -1.8759506363663817e-01
    -5.1085961844873784e-01 -2.4275910090619961e-02
    -1.4724928374793978e+02 -8.6477667126785008e+01
    4.6862224648768665e+02 -1.7025262871403582e-01
    3.4615432654587601e-02 -5.7536909549448859e-03
    -6.2308559110748682e+01 -9.5384553880704630e+01
    8.5732456562215089e+02 -2.2421696259516743e-01
    8.9625906069374081e-02 -3.6825817275326428e-01
    -6.8592277140108237e+01 -3.0837380836382991e+01
    8.5509050390665709e+02 -2.6376241613958834e-01
    1.1995821879078834e-01 -9.0096879242167693e-01
    -9.2804576388593887e+01 6.3906086211781655e+01
    8.3751061705763846e+02 -1.9506910662721011e-01
    8.5772826767770247e-02 -1.5503067413433795e+00
    -1.3577004791832550e+02 1.5329006829526224e+02
    8.2371016659060535e+02 -1.9479899111014140e-01
    1.0687274732880563e-01 -6.3833091814327336e-01
    -1.0154680360138671e+02 -2.4779515625993358e+01
    8.4071568171898321e+02 -1.8416445981979637e-01
    6.5196184416556099e-02 2.0183996978995919e-01 2.7775728824646575e+00
    -1.0002548076199639e+02 8.3877564431086978e+02
    -1.2827531059926373e-01 -3.1357969589003082e-02
    9.7275150831630341e-01 9.5035665202491074e+01
    -1.0641176459909937e+02 8.3063823547832123e+02
    -1.5187396723552044e-01 -3.4090719758604573e-02
    7.1032906406438523e-01 1.9963402850675962e+01
    -1.4227111317779665e+02 8.1392297160168584e+02
    -1.7208778117374249e-01 -2.2685749956612360e-02
    3.4168220207231516e-02 -8.2879902391163213e+01
    -1.2236881411861124e+02 6.3334161619774636e+02
    -1.7793754524331412e-01 -1.3972697358287552e-03
    -6.6743678401715301e-03 -9.5534341647480375e+01
    -1.1915789624531060e+02 5.2301602403410482e+02
    -2.2344558943099641e-01 8.5210269722847190e-02
    -1.2257613023121361e+00 -1.6035067314451342e+02
    7.4511502671322631e+01 4.9706915222362181e+02</data></Extrinsic_Parameters>
