<?xml version="1.0"?>
<opencv_storage>
<images>
/media/oksi/Data/calibration_datasets_VANS/checkerboard_12222017_aggregate/cam0/00000000000001513973142677686016.png
/media/oksi/Data/calibration_datasets_VANS/checkerboard_12222017_aggregate/cam0/00000000000001513973146096389888.png
/media/oksi/Data/calibration_datasets_VANS/checkerboard_12222017_aggregate/cam0/00000000000001513973147348366080.png
/media/oksi/Data/calibration_datasets_VANS/checkerboard_12222017_aggregate/cam0/00000000000001513973148215181056.png
/media/oksi/Data/calibration_datasets_VANS/checkerboard_12222017_aggregate/cam0/00000000000001513973148889235968.png
/media/oksi/Data/calibration_datasets_VANS/checkerboard_12222017_aggregate/cam0/00000000000001513973150141212928.png
/media/oksi/Data/calibration_datasets_VANS/checkerboard_12222017_aggregate/cam0/00000000000001513973153849003008.png
/media/oksi/Data/calibration_datasets_VANS/checkerboard_12222017_aggregate/cam0/00000000000001513973154426856960.png
/media/oksi/Data/calibration_datasets_VANS/checkerboard_12222017_aggregate/cam0/00000000000001513973157460335104.png
/media/oksi/Data/calibration_datasets_VANS/checkerboard_12222017_aggregate/cam0/00000000000001513973163094181888.png
/media/oksi/Data/calibration_datasets_VANS/checkerboard_12222017_aggregate/cam0/00000000000001513973165935180032.png
/media/oksi/Data/calibration_datasets_VANS/checkerboard_12222017_aggregate/cam0/00000000000001513973169402157056.png
/media/oksi/Data/calibration_datasets_VANS/checkerboard_12222017_aggregate/cam0/00000000000001513973170172585984.png
/media/oksi/Data/calibration_datasets_VANS/checkerboard_12222017_aggregate/cam0/00000000000001513973170846726912.png
/media/oksi/Data/calibration_datasets_VANS/checkerboard_12222017_aggregate/cam0/00000000000001513973171183800064.png
/media/oksi/Data/calibration_datasets_VANS/checkerboard_12222017_aggregate/cam0/00000000000001513973178310374912.png
/media/oksi/Data/calibration_datasets_VANS/checkerboard_12222017_aggregate/cam0/00000000000001513973179369716992.png
/media/oksi/Data/calibration_datasets_VANS/checkerboard_12222017_aggregate/cam0/00000000000001513973180717999104.png
/media/oksi/Data/calibration_datasets_VANS/checkerboard_12222017_aggregate/cam0/00000000000001513973182547826944.png
/media/oksi/Data/calibration_datasets_VANS/checkerboard_12222017_aggregate/cam0/00000000000001513973188229794048.png
/media/oksi/Data/calibration_datasets_VANS/checkerboard_12222017_aggregate/cam0/00000000000001513973189337340928.png
/media/oksi/Data/calibration_datasets_VANS/checkerboard_12222017_aggregate/cam0/00000000000001513973190204056064.png
/media/oksi/Data/calibration_datasets_VANS/checkerboard_12222017_aggregate/cam0/00000000000001513973191215246080.png
/media/oksi/Data/calibration_datasets_VANS/checkerboard_12222017_aggregate/cam0/00000000000001513973192515360000.png
/media/oksi/Data/calibration_datasets_VANS/checkerboard_12222017_aggregate/cam0/00000000000001513973193478415104.png
/media/oksi/Data/calibration_datasets_VANS/checkerboard_12222017_aggregate/cam0/00000000000001513973195452777984.png
/media/oksi/Data/calibration_datasets_VANS/checkerboard_12222017_aggregate/cam0/00000000000001513973197089844992.png
/media/oksi/Data/calibration_datasets_VANS/checkerboard_12222017_aggregate/cam0/00000000000001513973198341803008.png
/media/oksi/Data/calibration_datasets_VANS/checkerboard_12222017_aggregate/cam0/00000000000001513973199015923968.png
/media/oksi/Data/calibration_datasets_VANS/checkerboard_12222017_aggregate/cam0/00000000000001513973203060745984.png
/media/oksi/Data/calibration_datasets_VANS/checkerboard_12222017_aggregate/cam0/00000000000001513973205949896960.png
/media/oksi/Data/calibration_datasets_VANS/checkerboard_12222017_aggregate/cam0/00000000000001513973207538982912.png
/media/oksi/Data/calibration_datasets_VANS/checkerboard_12222017_aggregate/cam0/00000000000001513973209850258944.png
/media/oksi/Data/calibration_datasets_VANS/checkerboard_12222017_aggregate/cam0/00000000000001513973212161575936.png
/media/oksi/Data/calibration_datasets_VANS/checkerboard_12222017_aggregate/cam0/00000000000001513973213702512128.png
/media/oksi/Data/calibration_datasets_VANS/checkerboard_12222017_aggregate/cam0/00000000000001513973215484084992.png
/media/oksi/Data/calibration_datasets_VANS/checkerboard_12222017_aggregate/cam0/00000000000001513973219528911104.png
/media/oksi/Data/calibration_datasets_VANS/checkerboard_12222017_aggregate/cam0/00000000000001513973221214235904.png
/media/oksi/Data/calibration_datasets_VANS/checkerboard_12222017_aggregate/cam0/00000000000001513973222177285120.png
/media/oksi/Data/calibration_datasets_VANS/checkerboard_12222017_aggregate/cam0/00000000000001513973222899597056.png
/media/oksi/Data/calibration_datasets_VANS/checkerboard_12222017_aggregate/cam0/00000000000001513973223910789120.png
/media/oksi/Data/calibration_datasets_VANS/checkerboard_12222017_aggregate/cam0/00000000000001513973227522245888.png
/media/oksi/Data/calibration_datasets_VANS/checkerboard_12222017_aggregate/cam0/00000000000001513973229544620032.png
/media/oksi/Data/calibration_datasets_VANS/checkerboard_12222017_aggregate/cam0/00000000000001513973230748422912.png
/media/oksi/Data/calibration_datasets_VANS/checkerboard_12222017_aggregate/cam0/00000000000001513973233059768064.png
/media/oksi/Data/calibration_datasets_VANS/checkerboard_12222017_aggregate/cam0/00000000000001513973239560333056.png
/media/oksi/Data/calibration_datasets_VANS/checkerboard_12222017_aggregate/cam0/00000000000001513973248661157120.png
/media/oksi/Data/calibration_datasets_VANS/checkerboard_12222017_aggregate/cam0/00000000000001513973251357767936.png
/media/oksi/Data/calibration_datasets_VANS/checkerboard_12222017_aggregate/cam0/00000000000001513973255306247936.png
/media/oksi/Data/calibration_datasets_VANS/checkerboard_12222017_aggregate/cam0/00000000000001513973610791867904.png
/media/oksi/Data/calibration_datasets_VANS/checkerboard_12222017_aggregate/cam0/00000000000001513973611851177984.png
/media/oksi/Data/calibration_datasets_VANS/checkerboard_12222017_aggregate/cam0/00000000000001513973613151323904.png
/media/oksi/Data/calibration_datasets_VANS/checkerboard_12222017_aggregate/cam0/00000000000001513973617051581952.png
/media/oksi/Data/calibration_datasets_VANS/checkerboard_12222017_aggregate/cam0/00000000000001513973619651886080.png
/media/oksi/Data/calibration_datasets_VANS/checkerboard_12222017_aggregate/cam0/00000000000001513973628174843904.png
/media/oksi/Data/calibration_datasets_VANS/checkerboard_12222017_aggregate/cam0/00000000000001513973633375313920.png
/media/oksi/Data/calibration_datasets_VANS/checkerboard_12222017_aggregate/cam0/00000000000001513973634434604032.png
/media/oksi/Data/calibration_datasets_VANS/checkerboard_12222017_aggregate/cam0/00000000000001513973639442479104.png
/media/oksi/Data/calibration_datasets_VANS/checkerboard_12222017_aggregate/cam0/00000000000001513973640068468992.png
/media/oksi/Data/calibration_datasets_VANS/checkerboard_12222017_aggregate/cam0/00000000000001513973640598152960.png
/media/oksi/Data/calibration_datasets_VANS/checkerboard_12222017_aggregate/cam0/00000000000001513973641320411904.png
/media/oksi/Data/calibration_datasets_VANS/checkerboard_12222017_aggregate/cam0/00000000000001513973643968814080.png
/media/oksi/Data/calibration_datasets_VANS/checkerboard_12222017_aggregate/cam0/00000000000001513973648784060928.png
/media/oksi/Data/calibration_datasets_VANS/checkerboard_12222017_aggregate/cam0/00000000000001513973653454904064.png
/media/oksi/Data/calibration_datasets_VANS/checkerboard_12222017_aggregate/cam0/00000000000001513973657740400128.png
/media/oksi/Data/calibration_datasets_VANS/checkerboard_12222017_aggregate/cam0/00000000000001513973659570213120.png
/media/oksi/Data/calibration_datasets_VANS/checkerboard_12222017_aggregate/cam0/00000000000001513973841755010048.png
