<?xml version="1.0"?>
<opencv_storage>
<images>
/home/ben/camera_calibration_datasets/checkerboard_12212017_trial1/cam0_trim/00000000000001513894283692619008.png
/home/ben/camera_calibration_datasets/checkerboard_12212017_trial1/cam0_trim/00000000000001513894288507988992.png
/home/ben/camera_calibration_datasets/checkerboard_12212017_trial1/cam0_trim/00000000000001513894289471054080.png
/home/ben/camera_calibration_datasets/checkerboard_12212017_trial1/cam0_trim/00000000000001513894290434156032.png
/home/ben/camera_calibration_datasets/checkerboard_12212017_trial1/cam0_trim/00000000000001513894291397200896.png
/home/ben/camera_calibration_datasets/checkerboard_12212017_trial1/cam0_trim/00000000000001513894294286466048.png
/home/ben/camera_calibration_datasets/checkerboard_12212017_trial1/cam0_trim/00000000000001513894295249513984.png
/home/ben/camera_calibration_datasets/checkerboard_12212017_trial1/cam0_trim/00000000000001513894297175635968.png
/home/ben/camera_calibration_datasets/checkerboard_12212017_trial1/cam0_trim/00000000000001513894301027982080.png
/home/ben/camera_calibration_datasets/checkerboard_12212017_trial1/cam0_trim/00000000000001513894301990998016.png
/home/ben/camera_calibration_datasets/checkerboard_12212017_trial1/cam0_trim/00000000000001513894316437075968.png
/home/ben/camera_calibration_datasets/checkerboard_12212017_trial1/cam0_trim/00000000000001513894320289413888.png
/home/ben/camera_calibration_datasets/checkerboard_12212017_trial1/cam0_trim/00000000000001513894321252431872.png
/home/ben/camera_calibration_datasets/checkerboard_12212017_trial1/cam0_trim/00000000000001513894323178586112.png
/home/ben/camera_calibration_datasets/checkerboard_12212017_trial1/cam0_trim/00000000000001513894327030878976.png
/home/ben/camera_calibration_datasets/checkerboard_12212017_trial1/cam0_trim/00000000000001513894329920112896.png
/home/ben/camera_calibration_datasets/checkerboard_12212017_trial1/cam0_trim/00000000000001513894337624720896.png
/home/ben/camera_calibration_datasets/checkerboard_12212017_trial1/cam0_trim/00000000000001513894343403096064.png
/home/ben/camera_calibration_datasets/checkerboard_12212017_trial1/cam0_trim/00000000000001513894344366217984.png
/home/ben/camera_calibration_datasets/checkerboard_12212017_trial1/cam0_trim/00000000000001513894347255397888.png
/home/ben/camera_calibration_datasets/checkerboard_12212017_trial1/cam0_trim/00000000000001513894348218454016.png
/home/ben/camera_calibration_datasets/checkerboard_12212017_trial1/cam0_trim/00000000000001513894349181541120.png
/home/ben/camera_calibration_datasets/checkerboard_12212017_trial1/cam0_trim/00000000000001513894351107724032.png
/home/ben/camera_calibration_datasets/checkerboard_12212017_trial1/cam0_trim/00000000000001513894353033818112.png
/home/ben/camera_calibration_datasets/checkerboard_12212017_trial1/cam0_trim/00000000000001513894353996944896.png
/home/ben/camera_calibration_datasets/checkerboard_12212017_trial1/cam0_trim/00000000000001513894354959984128.png
/home/ben/camera_calibration_datasets/checkerboard_12212017_trial1/cam0_trim/00000000000001513894357849198080.png
/home/ben/camera_calibration_datasets/checkerboard_12212017_trial1/cam0_trim/00000000000001513894359775335936.png
/home/ben/camera_calibration_datasets/checkerboard_12212017_trial1/cam0_trim/00000000000001513894360738432000.png
/home/ben/camera_calibration_datasets/checkerboard_12212017_trial1/cam0_trim/00000000000001513894362664581888.png
/home/ben/camera_calibration_datasets/checkerboard_12212017_trial1/cam0_trim/00000000000001513894363627668992.png
/home/ben/camera_calibration_datasets/checkerboard_12212017_trial1/cam0_trim/00000000000001513894364590748928.png
/home/ben/camera_calibration_datasets/checkerboard_12212017_trial1/cam0_trim/00000000000001513894365553850112.png
/home/ben/camera_calibration_datasets/checkerboard_12212017_trial1/cam0_trim/00000000000001513894366516882944.png
/home/ben/camera_calibration_datasets/checkerboard_12212017_trial1/cam0_trim/00000000000001513894368443094016.png
/home/ben/camera_calibration_datasets/checkerboard_12212017_trial1/cam0_trim/00000000000001513894369406109952.png
/home/ben/camera_calibration_datasets/checkerboard_12212017_trial1/cam0_trim/00000000000001513894370369202944.png
/home/ben/camera_calibration_datasets/checkerboard_12212017_trial1/cam0_trim/00000000000001513894371332257024.png
/home/ben/camera_calibration_datasets/checkerboard_12212017_trial1/cam0_trim/00000000000001513894372295347968.png
/home/ben/camera_calibration_datasets/checkerboard_12212017_trial1/cam0_trim/00000000000001513894387704485120.png
/home/ben/camera_calibration_datasets/checkerboard_12212017_trial1/cam0_trim/00000000000001513894388667621120.png
/home/ben/camera_calibration_datasets/checkerboard_12212017_trial1/cam0_trim/00000000000001513894389630661888.png
/home/ben/camera_calibration_datasets/checkerboard_12212017_trial1/cam0_trim/00000000000001513894390593724928.png
/home/ben/camera_calibration_datasets/checkerboard_12212017_trial1/cam0_trim/00000000000001513894391556770048.png
/home/ben/camera_calibration_datasets/checkerboard_12212017_trial1/cam0_trim/00000000000001513894392519844096.png
/home/ben/camera_calibration_datasets/checkerboard_12212017_trial1/cam0_trim/00000000000001513894393482931968.png
/home/ben/camera_calibration_datasets/checkerboard_12212017_trial1/cam0_trim/00000000000001513894394445991936.png
/home/ben/camera_calibration_datasets/checkerboard_12212017_trial1/cam0_trim/00000000000001513894395409095936.png
/home/ben/camera_calibration_datasets/checkerboard_12212017_trial1/cam0_trim/00000000000001513894396372152064.png
/home/ben/camera_calibration_datasets/checkerboard_12212017_trial1/cam0_trim/00000000000001513894397335228928.png
/home/ben/camera_calibration_datasets/checkerboard_12212017_trial1/cam0_trim/00000000000001513894404076673024.png
</images>
</opencv_storage>
