<?xml version="1.0"?>
<opencv_storage>
<images>
/home/ben/Desktop/cal/97453756000.png
/home/ben/Desktop/cal/99441256000.png
/home/ben/Desktop/cal/111300006000.png
/home/ben/Desktop/cal/122695006000.png
/home/ben/Desktop/cal/123556256000.png
/home/ben/Desktop/cal/123953756000.png
/home/ben/Desktop/cal/126802508000.png
/home/ben/Desktop/cal/127266257000.png
/home/ben/Desktop/cal/133493756000.png
/home/ben/Desktop/cal/133692506000.png
/home/ben/Desktop/cal/136408756000.png
/home/ben/Desktop/cal/136938756000.png
/home/ben/Desktop/cal/142702506000.png
/home/ben/Desktop/cal/143630006000.png
/home/ben/Desktop/cal/143762506000.png
/home/ben/Desktop/cal/144888756000.png
/home/ben/Desktop/cal/145816258000.png
/home/ben/Desktop/cal/146147507000.png
/home/ben/Desktop/cal/155488756000.png
/home/ben/Desktop/cal/155952506000.png
/home/ben/Desktop/cal/164498756000.png
/home/ben/Desktop/cal/4850891256000.png
/home/ben/Desktop/cal/4851487508000.png
/home/ben/Desktop/cal/4854866257000.png
/home/ben/Desktop/cal/4856787506000.png
/home/ben/Desktop/cal/4860961256000.png
/home/ben/Desktop/cal/4862683756000.png
/home/ben/Desktop/cal/4863147506000.png
/home/ben/Desktop/cal/4864870006000.png
/home/ben/Desktop/cal/4873350006000.png
/home/ben/Desktop/cal/4875205006000.png
/home/ben/Desktop/cal/4875602509000.png
/home/ben/Desktop/cal/4875668758000.png
/home/ben/Desktop/cal/4875735006000.png
/home/ben/Desktop/cal/4878915006000.png
/home/ben/Desktop/cal/4892496256000.png
/home/ben/Desktop/cal/4895146256000.png
/home/ben/Desktop/cal/4895543756000.png
/home/ben/Desktop/cal/4903493756000.png
/home/ben/Desktop/cal/4905746259000.png
/home/ben/Desktop/cal/4908131256000.png
/home/ben/Desktop/cal/4908992506000.png
</images>
</opencv_storage>
